5.563096141496178149e+00
7.853036974097955536e+00
1.030062433388065202e+01
1.305057503890021486e+01
1.409226155741416342e+01
1.591143393386686533e+01
1.755514335610180510e+01
1.836674011544871732e+01
1.644022603133640814e+01
1.828341300535622693e+01
1.828338437098686953e+01
2.050624499906747999e+01
2.135704079847559456e+01
2.232700743186899217e+01
2.313533456256513787e+01
2.417601099340317461e+01
2.538274932440925724e+01
2.710768011934386479e+01
2.783345680009119150e+01
2.913442864967779400e+01
2.933543454677056772e+01
2.975379299512917086e+01
2.987103449933431421e+01
3.190651679450698097e+01
3.249590415432173529e+01
3.294756996487228662e+01
3.310425784802121285e+01
3.478935950484282813e+01
3.645016511171932194e+01
3.786467276183104502e+01
3.900050152569585293e+01
3.934654253999774909e+01
4.059360006107755936e+01
4.247867620343673423e+01
4.240944929058334623e+01
4.450825659713630955e+01
4.370457041267889053e+01
4.539417861875540439e+01
4.535919496332302003e+01
4.765204684322146278e+01
4.573443918440307243e+01
4.729021688317300232e+01
4.840230843942531891e+01
4.972619455285363443e+01
5.028513757769692205e+01
5.031762598139654585e+01
5.182743027485340548e+01
5.370696715411919087e+01
5.490649959955249670e+01
5.519247122895387037e+01
5.547008250119036177e+01
5.722219611247140847e+01
5.596602812515529024e+01
5.827722920749491919e+01
5.875961593877210021e+01
5.980559796776134363e+01
6.299770554006929046e+01
6.148277047686867292e+01
6.199570756170815145e+01
6.383882115119855172e+01
6.399585856866244882e+01
6.636620029926613995e+01
6.689814026674656589e+01
6.778738883442328245e+01
6.783406092816885291e+01
6.862120563182695321e+01
7.001260314456686729e+01
7.077440675820253091e+01
7.178424513907037863e+01
7.268618267780493625e+01
7.484261619154118250e+01
7.573838600188982184e+01
7.678622850706024394e+01
7.784404562984552456e+01
7.909372143776192843e+01
7.966659824610691487e+01
8.024581929671786895e+01
8.036395329701959156e+01
8.275433639373814287e+01
8.301339643330996410e+01
8.310965214843130866e+01
8.464241558310145308e+01
8.644244785911459417e+01
8.592498893115890723e+01
8.686903772154303738e+01
8.774190918708882236e+01
8.906465540579904427e+01
8.855672613156437478e+01
9.247462177765707736e+01
9.318861357048494654e+01
9.318967230150326486e+01
9.458998546381930339e+01
9.469150584213467425e+01
9.579217200492789175e+01
9.571275461108180593e+01
9.715376526735592222e+01
9.832762126894893129e+01
9.947699708881431491e+01
1.009801294462236285e+02
1.018126456247013323e+02
1.019321506102137249e+02
1.037588651083484166e+02
1.046581526447558161e+02
1.048759248377220814e+02
1.050583361508069800e+02
1.056960602390159778e+02
1.068163459076992297e+02
1.074272123034076003e+02
1.084863616418809471e+02
1.087185696202330263e+02
1.090913863419037142e+02
1.106811228315076221e+02
1.112445938670635286e+02
1.124932465269321398e+02
1.134407295990977218e+02
1.155240749392598048e+02
1.172209148101914025e+02
1.177702488191400931e+02
1.182089026600480537e+02
1.196774785238594063e+02
1.203941620583857031e+02
1.213014670536585129e+02
1.212833455710689634e+02
1.241483864089705946e+02
1.238898101295984873e+02
1.239234316704767025e+02
1.244056302470719970e+02
1.260713279344540183e+02
1.271562794168598032e+02
1.296299259088192457e+02
1.293983502459610122e+02
1.299168309766718892e+02
1.303042483719817426e+02
1.309884409723915155e+02
1.319229785591772952e+02
1.317362145226388748e+02
1.332472485168187575e+02
1.347505517653002016e+02
1.359685010591003049e+02
1.363679783829540213e+02
1.375244919216578126e+02
1.382165042571285767e+02
1.394071116886702555e+02
1.411269678918974364e+02
1.411328279953107767e+02
1.409403895011257077e+02
1.429567844324341763e+02
1.431586212633639548e+02
1.438022442423619793e+02
1.441652996266823266e+02
1.466185980504534996e+02
1.475294484775935189e+02
1.469155910110244463e+02
1.473722015281164488e+02
1.501626862931259438e+02
1.493164905668933784e+02
1.498552332572290027e+02
1.512063550048289073e+02
1.519331133247826813e+02
1.530087203131415095e+02
1.543693775126331786e+02
1.542720470247517710e+02
1.554816946297280538e+02
1.571304702522248533e+02
1.575342867994734206e+02
1.588526277372015727e+02
1.595758835365853940e+02
1.604031784724913905e+02
1.625180083769053567e+02
1.624525031627205180e+02
1.643539470255489334e+02
1.648913970465771683e+02
1.662565128684521767e+02
1.669151139872977581e+02
1.675658498163082868e+02
1.697504328885541725e+02
1.690060250652864227e+02
1.687920372780118896e+02
1.711478696982100018e+02
1.726311120234269936e+02
1.735357187261005834e+02
1.735299875357465282e+02
1.743768677166060854e+02
1.749817075115898319e+02
1.771389683588414528e+02
1.774989190176433738e+02
1.777879465312954039e+02
1.766801598339577879e+02
1.776307511932067484e+02
1.797746053734970815e+02
1.797693708309416252e+02
-1.795313271757312634e+02
-1.784366920864632959e+02
-1.777870261851859084e+02
-1.763661656710244188e+02
-1.755703797427043185e+02
-1.752298064671749103e+02
-1.730483061018975661e+02
-1.734407423941080708e+02
-1.717464626322839365e+02
-1.710585582219093226e+02
-1.701817849929918793e+02
-1.696127562621933293e+02
-1.692357104745710217e+02
-1.692592345039545592e+02
-1.691280210135750224e+02
-1.679349592291147530e+02
-1.670393514949301448e+02
-1.657518034512551992e+02
-1.638976496533491627e+02
-1.638490106187529136e+02
-1.630808158007330064e+02
-1.626325913451578060e+02
-1.604987713749675038e+02
-1.609528172571503433e+02
-1.590342329760267148e+02
-1.577750279439971450e+02
-1.562130967801209920e+02
-1.575497508363834811e+02
-1.560086059563715821e+02
-1.558935471111690276e+02
-1.549636769464496240e+02
-1.537840445604715285e+02
-1.525161573295740993e+02
-1.522952053682460303e+02
-1.516086635641529767e+02
-1.502830012544662566e+02
-1.498534568676361687e+02
-1.474866991333189787e+02
-1.470231677176006144e+02
-1.463770981147425232e+02
-1.443805469139381898e+02
-1.445583358209399591e+02
-1.430898202565654742e+02
-1.422828950871046061e+02
-1.437531015213130274e+02
-1.418180394419659081e+02
-1.407886509232355081e+02
-1.407994820570859531e+02
-1.410489981020010362e+02
-1.416642148356731923e+02
-1.425776411611982724e+02
-1.453025593205695145e+02
-1.488217580723571132e+02
-1.538592757749013344e+02
-1.593376039812151248e+02
-1.635972621661517223e+02
-1.666641215784848384e+02
-1.708360581348032383e+02
-1.736293864620352565e+02
-1.748516881542987562e+02
-1.773712421888641870e+02
-1.781184633306372689e+02
-1.780442837498224264e+02
-1.791125226296936717e+02
-1.800000000000000000e+02
