1.747296462647859130e+02
1.715609072573890614e+02
1.692399750686919901e+02
1.684930842524321406e+02
1.684544993987114765e+02
1.684938489663887822e+02
1.692339205739221768e+02
1.697136659556181257e+02
1.705297700061228738e+02
1.711466477114915392e+02
1.722130528266935983e+02
1.732310894669677452e+02
1.746036338283714144e+02
1.755388358158699020e+02
1.768672332300070025e+02
1.779052344674913684e+02
1.793816884934500422e+02
-1.793143329344149492e+02
-1.778845710187484315e+02
-1.765751407872431002e+02
-1.759508578027922852e+02
-1.745822931045870234e+02
-1.739161161978418306e+02
-1.729051128652672844e+02
-1.717933995804495169e+02
-1.707033779513393483e+02
-1.688594796664396256e+02
-1.674893243066174477e+02
-1.660192091348572205e+02
-1.643571838190503627e+02
-1.629663818018334496e+02
-1.615860334315347018e+02
-1.602753928363484022e+02
-1.589914222396202206e+02
-1.577138282243602418e+02
-1.569235004491169434e+02
-1.560708460407216194e+02
-1.547977858029404388e+02
-1.540537138561081747e+02
-1.529166781782891462e+02
-1.519946002931163491e+02
-1.511574806928838655e+02
-1.497443321845686626e+02
-1.488392705703019772e+02
-1.473859632065078245e+02
-1.464107260180397247e+02
-1.452020921596646872e+02
-1.440253844233390339e+02
-1.428351500888319379e+02
-1.420846363855947061e+02
-1.410943655401654269e+02
-1.402681911664949439e+02
-1.394587414481915459e+02
-1.384186784832109538e+02
-1.376256555105688619e+02
-1.365592088056967270e+02
-1.353713658294179538e+02
-1.340844423471766902e+02
-1.327134454239886168e+02
-1.314228322300190825e+02
-1.303747400680317696e+02
-1.290908610874852229e+02
-1.280941306096347603e+02
-1.272239476802926390e+02
-1.264802995047751040e+02
-1.257417468517120369e+02
-1.248484501413491898e+02
-1.238737162291706397e+02
-1.228440852690542755e+02
-1.219146742524749101e+02
-1.204918876743906537e+02
-1.194866490704744564e+02
-1.185018662573373120e+02
-1.176080832652319685e+02
-1.162921862501885215e+02
-1.152127405071367576e+02
-1.142788058789598438e+02
-1.134635366333448019e+02
-1.126261326707977730e+02
-1.115571689574823893e+02
-1.108956328837605696e+02
-1.100146026444854215e+02
-1.090931013980679438e+02
-1.079957010941602249e+02
-1.071592877467681433e+02
-1.063646256567041206e+02
-1.053319087211583422e+02
-1.042856096093605913e+02
-1.031325412447627627e+02
-1.019531770837298552e+02
-1.007928623607429870e+02
-9.986969967951922911e+01
-9.912584236353900735e+01
-9.855265170056814839e+01
-9.793225485230442473e+01
-9.706393025754495341e+01
-9.641450467506768973e+01
-9.522666335876716914e+01
-9.414217917036903316e+01
-9.329137175436177642e+01
-9.238946300216370844e+01
-9.131951055684113783e+01
-9.006894061012739883e+01
-8.921030133350430447e+01
-8.878611579253893638e+01
-8.837676357027351060e+01
-8.791163159528208837e+01
-8.699553584375027526e+01
-8.642609815714833132e+01
-8.556000205443254458e+01
-8.482574094822058441e+01
-8.358215212118585669e+01
-8.246416759313974865e+01
-8.134220333584295304e+01
-7.997002089264377389e+01
-7.885825259067279092e+01
-7.761608857538882944e+01
-7.651982858878115223e+01
-7.526693380620854157e+01
-7.435946428832788513e+01
-7.345925734276603691e+01
-7.262390164726214437e+01
-7.195108641703178876e+01
-7.102277164445708024e+01
-7.032125994465555152e+01
-6.965737730316398313e+01
-6.872297132407062747e+01
-6.771276574276305382e+01
-6.658173161654661953e+01
-6.554278442577451358e+01
-6.448103459310765118e+01
-6.369265017469180634e+01
-6.258832338008308938e+01
-6.168122956483450992e+01
-6.092648606710996972e+01
-6.062815727358140094e+01
-5.983828611118492091e+01
-5.904357350243412839e+01
-5.786592173833820141e+01
-5.711811667675343784e+01
-5.603331595864690939e+01
-5.519799044013133482e+01
-5.415842564707185147e+01
-5.315070080888536097e+01
-5.231750883835314170e+01
-5.140117894578885682e+01
-5.102718012928949776e+01
-5.037499810332883499e+01
-4.986764358393526209e+01
-4.904053247183017561e+01
-4.834233838249691928e+01
-4.789819887225571193e+01
-4.699509987759683582e+01
-4.592422200535443011e+01
-4.515771813768879639e+01
-4.447718417584408712e+01
-4.386730713884515609e+01
-4.324196841005223746e+01
-4.178606363682744274e+01
-4.109438004880248485e+01
-4.009902729107604813e+01
-3.912362216408858018e+01
-3.833415323210213188e+01
-3.751210991572930453e+01
-3.655880220373187228e+01
-3.583345145892003814e+01
-3.506504110706914901e+01
-3.397515417500446944e+01
-3.290810822640571587e+01
-3.157138526442494353e+01
-3.021394976328222270e+01
-2.902124985525603762e+01
-2.788377151406129784e+01
-2.652226115166335774e+01
-2.580292558764038091e+01
-2.474838841289238189e+01
-2.430952346622241222e+01
-2.369843994469949067e+01
-2.267434606195861235e+01
-2.149234092930697670e+01
-2.049871561113413065e+01
-1.948974898029348424e+01
-1.885468997131845370e+01
-1.782896151461198286e+01
-1.664427912859399683e+01
-1.554803156325158220e+01
-1.515876518915020199e+01
-1.441087687049649091e+01
-1.349187314166163887e+01
-1.237031576334288019e+01
-1.128684871547193147e+01
-1.056943969346567691e+01
-9.567364424440450321e+00
-8.597506114332340132e+00
-6.864691216877832680e+00
-5.569547206740353751e+00
-4.557401753467755334e+00
-3.619756627723226483e+00
-2.539666986237589796e+00
-1.243169865277116370e+00
1.714347981981573510e-01
1.055343713998689648e+00
1.893020465770162586e+00
2.589808465011666616e+00
3.119774602602710001e+00
3.816722473953012784e+00
5.376184634604776136e+00
6.587178073117335053e+00
7.989612599153034012e+00
9.101156981109475907e+00
1.050036977878121291e+01
1.183158955576953097e+01
1.337182690015327680e+01
1.469346225627403157e+01
1.582171742899715383e+01
1.741159866240752052e+01
1.877020913582646600e+01
1.990398521103431762e+01
2.056557953564788832e+01
2.106493833410717897e+01
2.213141611190436109e+01
2.303103266390813531e+01
2.414807587544084200e+01
2.495025765531804396e+01
2.606660793540849852e+01
2.746852601367032776e+01
2.885871785772768305e+01
3.005969887672043583e+01
3.146264974863000319e+01
3.246730331251652757e+01
3.367356654703906571e+01
3.475957992068459390e+01
3.581506983736844774e+01
3.657573002649028382e+01
3.737733304489167097e+01
3.811681172432601272e+01
3.875684676634734416e+01
3.915800897330920805e+01
3.895402308609503450e+01
3.818352341526392024e+01
3.746913842230138414e+01
3.568432180729470815e+01
3.290591468094954308e+01
2.938950678388621540e+01
2.471027738822939668e+01
1.956627250998781520e+01
1.516675041142148039e+01
1.125571796194911123e+01
8.387972184699883371e+00
6.329379579538052525e+00
4.440537708634527014e+00
3.221470265835374214e+00
2.210692026031489732e+00
8.861770761994508527e-01
6.834214663246588328e-01
0.000000000000000000e+00
